	A	G	I	L	V	M	F	W	P	C	S	T	Y	N	Q	H	K	R	D	E
Y	-5	-6	3	-4	2	1	4	-3	0	-5	0	-4	6	0	-5	-4	-5	2	-6	-5
S	-1	-5	2	-2	0	-4	1	-6	0	1	3	3	-4	-4	-4	-5	-1	1	-5	-1
C	-4	-6	-5	-5	-4	-5	-6	-6	-6	12	-4	-4	-6	-6	-7	-7	-7	-7	-7	-7
D	-1	-5	-7	-7	-6	-6	-7	-7	-5	-7	-3	-1	-6	4	-3	3	0	-1	7	-2
G	0	4	1	-2	-2	-5	-5	-6	-6	5	-2	0	0	2	-4	3	-5	-5	-5	0
C	-4	-6	-5	-5	-4	-5	-6	-6	-6	12	-4	-4	-6	-6	-7	-7	-7	-7	-7	-7
L	-4	3	-1	3	-1	-3	-5	-6	-5	-6	0	-4	-5	1	3	-5	1	0	-1	-1
K	-2	1	1	-2	-1	3	-5	-6	-5	-5	2	2	0	1	1	1	2	-4	-4	0
P	-2	0	-4	0	-2	-4	-5	-5	5	-5	-3	-1	1	1	-3	2	-4	-4	1	3
I	-5	-7	7	1	0	-2	3	-5	-6	-5	0	-4	-4	-1	-6	3	-6	-6	-6	-6
V	0	-6	2	-2	2	4	-4	5	1	-5	0	2	2	-1	0	-5	-5	-1	-1	-5
G	-3	6	-6	-6	-5	-5	-5	-5	2	-5	-3	-4	-5	1	-3	-4	-3	-1	-3	3
V	-2	-6	0	-1	2	1	0	-6	3	-5	-1	0	0	0	-4	1	1	2	-5	1
R	-5	-6	-5	-5	0	1	1	-5	-6	-6	-4	-5	2	-4	0	-4	-2	8	-5	-4
Y	-5	-7	1	-2	0	2	6	8	-7	-6	-6	-5	7	-6	-6	-4	-6	-6	-7	-6
H	-1	-5	-6	-6	-6	-5	-6	-6	-5	-6	-1	-1	-4	2	-3	8	4	2	-4	1
C	-4	-6	-5	-5	-4	-5	-6	-6	-6	11	-1	-4	-6	1	-6	-6	-6	-7	-6	-7
L	1	-5	-4	1	-1	-4	-5	-6	-5	-5	1	0	-5	3	3	-4	1	1	-1	0
V	-4	-5	-1	-4	4	1	-5	-6	-5	-5	0	2	-5	1	0	-5	-1	1	2	1
C	0	-6	-5	-5	-4	-5	-6	-6	-6	11	-4	-4	-6	-6	-6	-6	-1	-6	-7	-7
E	-4	0	-5	-1	-2	-5	1	2	3	-6	0	-4	0	-4	-3	-4	-4	2	3	3
D	-5	-5	-7	-7	-7	-6	0	-7	-5	-7	-4	-4	-6	3	-3	-4	-1	-5	7	1
F	-5	-7	0	-3	-4	1	8	-3	-7	4	-5	0	5	-6	-6	-4	-6	-6	-7	-6
D	-5	-5	-6	-2	-6	-6	-7	-7	-5	-6	-1	1	-6	2	-4	-5	-4	-5	8	-2
L	-1	-7	-2	6	-1	-1	0	-5	-6	-5	-2	-4	-4	-7	-6	-6	-6	-6	-7	-6
C	-4	-6	-5	-5	-4	-5	-6	-6	-6	12	-4	-4	-6	-6	-7	-7	-7	-7	-7	-7
S	-2	-5	0	0	-4	-4	1	-5	-5	-5	3	1	1	-1	2	-4	2	0	-1	0
S	0	0	0	-5	0	-4	-6	-6	0	-5	2	2	-5	-1	2	-4	2	1	0	-1
C	-4	-6	-5	-5	-4	-5	-6	-6	-6	12	-4	-4	-6	-6	-7	-7	-7	-7	-7	-7
Y	-5	-7	-1	-1	-4	-4	6	-2	-7	-6	-5	-5	8	-6	-1	2	-6	-5	-7	-6
A	2	-1	-5	0	-5	1	-1	-6	-1	-5	1	-4	-5	0	3	2	1	1	-4	0
K	1	1	-5	-5	1	-5	-6	-6	-5	-5	2	1	-5	1	-3	-4	3	1	-4	2
G	-4	4	-1	-2	0	2	0	-6	-1	-6	-4	-1	-5	1	-1	1	2	-1	-1	-1
K	0	-3	-3	-3	-1	2	1	-3	-3	-3	1	0	-3	2	-2	3	2	1	1	1
K	-3	2	-1	0	-3	-3	-3	-4	0	-4	-3	-1	0	-3	-2	3	4	-2	2	1
G	0	3	3	-5	-4	-4	-5	-6	1	-5	1	-1	1	-4	-4	1	2	1	-1	-4
H	-5	-5	-7	-7	-7	-5	-5	-6	-6	-7	-4	-5	-2	4	-3	11	-4	-4	-4	-4
P	-1	1	-3	0	-3	-3	-3	-4	4	-3	-2	2	-3	0	1	3	1	-3	0	0
P	-2	-2	-2	-1	-2	-2	-2	-2	4	-2	1	2	-2	-2	1	-2	0	0	0	0
D	0	1	-6	-6	-5	-5	1	-6	-5	-6	1	1	0	-3	0	-4	2	-1	4	2
H	-5	-1	-7	-6	-7	-5	-5	-6	-6	-7	-4	-5	-2	-3	2	11	-4	-4	-4	-1
S	1	-1	-1	-1	-5	-4	-6	-6	3	-5	4	1	-5	-4	0	-5	-1	1	0	1
F	-5	-6	1	1	-1	5	6	-4	-6	-5	1	-4	3	-5	-5	-4	-1	0	-6	-2
T	-2	-2	-3	1	2	-4	1	-6	-5	2	-2	3	-4	-4	-1	-5	0	-5	2	2
E	-1	-5	-1	-2	-1	1	1	-6	3	1	-1	-4	-5	2	0	-4	2	2	-4	2
I	0	-6	4	2	0	5	0	2	-1	-5	-5	-4	2	0	-5	2	-1	-5	-6	-5

