P	C	Master	A	G	I	L	V	M	F	W	P	C	S	T	Y	N	Q	H	K	R	D	E
1	Y	7-Y	-5	-6	3	-4	2	1	4	-3	0	-5	0	-4	6	0	-5	-4	-5	2	-6	-5
2	S	8-T	-1	-5	2	-2	0	-4	1	-6	0	1	3	3	-4	-4	-4	-5	-1	1	-5	-1
3	C	9-C	-4	-6	-5	-5	-4	-5	-6	-6	-6	12	-4	-4	-6	-6	-7	-7	-7	-7	-7	-7
4	D	10-N	-1	-5	-7	-7	-6	-6	-7	-7	-5	-7	-3	-1	-6	4	-3	3	0	-1	7	-2
5	G	11-E	0	4	1	-2	-2	-5	-5	-6	-6	5	-2	0	0	2	-4	3	-5	-5	-5	0
6	C	12-C	-4	-6	-5	-5	-4	-5	-6	-6	-6	12	-4	-4	-6	-6	-7	-7	-7	-7	-7	-7
7	L	13-K	-4	3	-1	3	-1	-3	-5	-6	-5	-6	0	-4	-5	1	3	-5	1	0	-1	-1
8	K	14-H	-2	1	1	-2	-1	3	-5	-6	-5	-5	2	2	0	1	1	1	2	-4	-4	0
9	P	--	-2	0	-4	0	-2	-4	-5	-5	5	-5	-3	-1	1	1	-3	2	-4	-4	1	3
10	I	15-H	-5	-7	7	1	0	-2	3	-5	-6	-5	0	-4	-4	-1	-6	3	-6	-6	-6	-6
11	V	16-V	0	-6	2	-2	2	4	-4	5	1	-5	0	2	2	-1	0	-5	-5	-1	-1	-5
12	G	17-E	-3	6	-6	-6	-5	-5	-5	-5	2	-5	-3	-4	-5	1	-3	-4	-3	-1	-3	3
13	V	18-T	-2	-6	0	-1	2	1	0	-6	3	-5	-1	0	0	0	-4	1	1	2	-5	1
14	R	19-R	-5	-6	-5	-5	0	1	1	-5	-6	-6	-4	-5	2	-4	0	-4	-2	8	-5	-4
15	Y	20-W	-5	-7	1	-2	0	2	6	8	-7	-6	-6	-5	7	-6	-6	-4	-6	-6	-7	-6
16	H	21-H	-1	-5	-6	-6	-6	-5	-6	-6	-5	-6	-1	-1	-4	2	-3	8	4	2	-4	1
17	C	22-C	-4	-6	-5	-5	-4	-5	-6	-6	-6	11	-1	-4	-6	1	-6	-6	-6	-7	-6	-7
18	L	23-T	1	-5	-4	1	-1	-4	-5	-6	-5	-5	1	0	-5	3	3	-4	1	1	-1	0
19	V	24-V	-4	-5	-1	-4	4	1	-5	-6	-5	-5	0	2	-5	1	0	-5	-1	1	2	1
20	C	25-C	0	-6	-5	-5	-4	-5	-6	-6	-6	11	-4	-4	-6	-6	-6	-6	-1	-6	-7	-7
21	E	26-E	-4	0	-5	-1	-2	-5	1	2	3	-6	0	-4	0	-4	-3	-4	-4	2	3	3
22	D	27-D	-5	-5	-7	-7	-7	-6	0	-7	-5	-7	-4	-4	-6	3	-3	-4	-1	-5	7	1
23	F	28-Y	-5	-7	0	-3	-4	1	8	-3	-7	4	-5	0	5	-6	-6	-4	-6	-6	-7	-6
24	D	29-D	-5	-5	-6	-2	-6	-6	-7	-7	-5	-6	-1	1	-6	2	-4	-5	-4	-5	8	-2
25	L	30-L	-1	-7	-2	6	-1	-1	0	-5	-6	-5	-2	-4	-4	-7	-6	-6	-6	-6	-7	-6
26	C	31-C	-4	-6	-5	-5	-4	-5	-6	-6	-6	12	-4	-4	-6	-6	-7	-7	-7	-7	-7	-7
27	S	32-I	-2	-5	0	0	-4	-4	1	-5	-5	-5	3	1	1	-1	2	-4	2	0	-1	0
28	S	33-N	0	0	0	-5	0	-4	-6	-6	0	-5	2	2	-5	-1	2	-4	2	1	0	-1
29	C	34-C	-4	-6	-5	-5	-4	-5	-6	-6	-6	12	-4	-4	-6	-6	-7	-7	-7	-7	-7	-7
30	Y	35-Y	-5	-7	-1	-1	-4	-4	6	-2	-7	-6	-5	-5	8	-6	-1	2	-6	-5	-7	-6
31	A	36-N	2	-1	-5	0	-5	1	-1	-6	-1	-5	1	-4	-5	0	3	2	1	1	-4	0
32	K	37-T	1	1	-5	-5	1	-5	-6	-6	-5	-5	2	1	-5	1	-3	-4	3	1	-4	2
33	G	38-K	-4	4	-1	-2	0	2	0	-6	-1	-6	-4	-1	-5	1	-1	1	2	-1	-1	-1
34	K	--	0	-3	-3	-3	-1	2	1	-3	-3	-3	1	0	-3	2	-2	3	2	1	1	1
35	K	--	-3	2	-1	0	-3	-3	-3	-4	0	-4	-3	-1	0	-3	-2	3	4	-2	2	1
36	G	39-S	0	3	3	-5	-4	-4	-5	-6	1	-5	1	-1	1	-4	-4	1	2	1	-1	-4
37	H	40-H	-5	-5	-7	-7	-7	-5	-5	-6	-6	-7	-4	-5	-2	4	-3	11	-4	-4	-4	-4
38	P	--	-1	1	-3	0	-3	-3	-3	-4	4	-3	-2	2	-3	0	1	3	1	-3	0	0
39	P	--	-2	-2	-2	-1	-2	-2	-2	-2	4	-2	1	2	-2	-2	1	-2	0	0	0	0
40	D	41-T	0	1	-6	-6	-5	-5	1	-6	-5	-6	1	1	0	-3	0	-4	2	-1	4	2
41	H	42-H	-5	-1	-7	-6	-7	-5	-5	-6	-6	-7	-4	-5	-2	-3	2	11	-4	-4	-4	-1
42	S	43-K	1	-1	-1	-1	-5	-4	-6	-6	3	-5	4	1	-5	-4	0	-5	-1	1	0	1
43	F	44-M	-5	-6	1	1	-1	5	6	-4	-6	-5	1	-4	3	-5	-5	-4	-1	0	-6	-2
44	T	45-V	-2	-2	-3	1	2	-4	1	-6	-5	2	-2	3	-4	-4	-1	-5	0	-5	2	2
45	E	46-K	-1	-5	-1	-2	-1	1	1	-6	3	1	-1	-4	-5	2	0	-4	2	2	-4	2
46	I	47-W	0	-6	4	2	0	5	0	2	-1	-5	-5	-4	2	0	-5	2	-1	-5	-6	-5

